filename: 2023-06-28T11:35:19+02:00.yaml
metadata:
  date: "2023-06-28T11:35:19+02:00"
  simulation: Spread of couplings vs tilt angle
  simulationid: spread-of-couplings
  cpu: i7-11xxG
  ram: 32GB
  completiontime: 88.802µs
values:
  system:
    centralspin:
      angle: 0
      distance: 0
      interactionstrength: 0
    bath: []
    physicsconfig:
      bathdipolemoment: 1.77
      atomdipolemoment: 3626.87
      bathcount: 12
      spin: 0.5
      tiltangle: 0.49000000000000027
      tiltanglerange:
      - 0
      - 0.5
      constantdistance: 1.5
      geometry: ring
      interactioncoefficients: []
      bathmagneticfield: 2.0532001e+10
      centralmagneticfield: 2.053202e+10
      timerange: 0
      dt: 0.01
      initialket: ""
      observablesconfig: []
      magneticfieldrange: 0
      units: atomic
    downspins: 0
xys:
- - x: 0
    "y": 0
  - x: 0.003183098861837907
    "y": 0.4206405886327266
  - x: 0.006366197723675814
    "y": 1.6809022783000256
  - x: 0.00954929658551372
    "y": 3.775811391871539
  - x: 0.012732395447351628
    "y": 6.697100280148938
  - x: 0.015915494309189534
    "y": 10.433239950500168
  - x: 0.019098593171027443
    "y": 14.969485566526156
  - x: 0.02228169203286535
    "y": 20.287934639194006
  - x: 0.025464790894703257
    "y": 26.367597679782076
  - x: 0.02864788975654116
    "y": 33.184481035803095
  - x: 0.03183098861837907
    "y": 40.71168158298852
  - x: 0.03501408748021697
    "y": 48.919492899629475
  - x: 0.03819718634205488
    "y": 57.7755225042515
  - x: 0.04138028520389278
    "y": 67.24481969394019
  - x: 0.04456338406573069
    "y": 77.29001347879829
  - x: 0.0477464829275686
    "y": 87.8714600681694
  - x: 0.050929581789406514
    "y": 98.94739932656843
  - x: 0.05411268065124442
    "y": 110.47411958185774
  - x: 0.05729577951308233
    "y": 122.40613013524731
  - x: 0.06047887837492024
    "y": 134.6963407923
  - x: 0.06366197723675815
    "y": 136.92926195605654
  - x: 0.06684507609859607
    "y": 124.06938486111815
  - x: 0.07002817496043397
    "y": 129.91891501300546
  - x: 0.07321127382227188
    "y": 139.83896670469446
  - x: 0.07639437268410978
    "y": 134.38741089837626
  - x: 0.07957747154594769
    "y": 124.3486604773316
  - x: 0.0827605704077856
    "y": 114.30991005628707
  - x: 0.0859436692696235
    "y": 104.31077799688542
  - x: 0.08912676813146142
    "y": 94.39072630519638
  - x: 0.09230986699329932
    "y": 84.58890489320655
  - x: 0.09549296585513724
    "y": 74.94399707200267
  - x: 0.09867606471697514
    "y": 80.32689496428856
  - x: 0.10185916357881306
    "y": 95.6896582856043
  - x: 0.10504226244065097
    "y": 110.60467147734123
  - x: 0.10822536130248887
    "y": 125.01307179645292
  - x: 0.11140846016432679
    "y": 138.8579958694517
  - x: 0.11459155902616469
    "y": 152.08480410616554
  - x: 0.1177746578880026
    "y": 164.64129633723826
  - x: 0.12095775674984051
    "y": 176.47791782434908
  - x: 0.12414085561167842
    "y": 187.54795483012666
  - x: 0.12732395447351633
    "y": 197.80771897592786
  - x: 0.13050705333535426
    "y": 207.21671965990973
  - x: 0.13369015219719216
    "y": 215.73782385493593
  - x: 0.13687325105903006
    "y": 223.337402655671
  - x: 0.14005634992086796
    "y": 229.98546399650584
  - x: 0.1432394487827059
    "y": 235.65577101653818
  - x: 0.1464225476445438
    "y": 240.32594560447723
  - x: 0.1496056465063817
    "y": 243.97755671482392
  - x: 0.1527887453682196
    "y": 246.59619310678832
  - x: 0.15597184423005753
    "y": 248.1715202188725
