filename: 2023-08-05T09:25:37+02:00.yaml
metadata:
  date: "2023-08-05T09:25:37+02:00"
  simulation: Interaction strength
  simulationid: interactions
  cpu: i7-11xxG
  ram: 32GB
  completiontime: 21.8µs
  figuresdir: ""
values:
  system:
    centralspin:
      angle: 0
      distance: 0
      interactionstrength: 0
    bath:
    - angle: 0.5773502691896257
      distance: 1.5
      interactionstrength: 0
    - angle: 0.5773502691896257
      distance: 1.5
      interactionstrength: 0
    - angle: 0.577350269189626
      distance: 1.5
      interactionstrength: -1.893322230078579e-10
    - angle: 0.577350269189626
      distance: 1.5
      interactionstrength: -1.893322230078579e-10
    - angle: -0.577350269189626
      distance: 1.5
      interactionstrength: -1.893322230078579e-10
    - angle: -0.577350269189626
      distance: 1.5
      interactionstrength: -1.893322230078579e-10
    - angle: -0.5773502691896257
      distance: 1.5
      interactionstrength: 0
    - angle: -0.5773502691896257
      distance: 1.5
      interactionstrength: 0
    physicsconfig:
      bathdipolemoment: 1.77
      atomdipolemoment: 3626.87
      bathcount: 8
      spin: 0.5
      tiltangle: 0
      tiltanglerange: []
      constantdistance: 1.5
      geometry: cube
      interactioncoefficients: []
      bathmagneticfield: 2.0532001e+10
      centralmagneticfield: 2.053202e+10
      model: XX
      timerange: 0
      dt: 0
      initialket: ""
      observablesconfig: []
      magneticfieldrange: 0
      units: atomic
    downspins: 0
xys:
- - x: 0
    "y": 0
  - x: 1
    "y": 0
  - x: 2
    "y": 0
  - x: 3
    "y": 0
  - x: 4
    "y": -1.893322230078579e-13
  - x: 5
    "y": -1.893322230078579e-13
  - x: 6
    "y": -1.893322230078579e-13
  - x: 7
    "y": -1.893322230078579e-13
