filename: 2023-08-05T09:26:11+02:00.yaml
metadata:
  date: "2023-08-05T09:26:11+02:00"
  simulation: Interaction strength
  simulationid: interactions
  cpu: i7-11xxG
  ram: 32GB
  completiontime: 22.78µs
  figuresdir: ""
values:
  system:
    centralspin:
      angle: 0
      distance: 0
      interactionstrength: 0
    bath:
    - angle: 0.6605596098195701
      distance: 1.5
      interactionstrength: -87830.51272058487
    - angle: 0.6605596098195701
      distance: 1.5
      interactionstrength: -87830.51272058487
    - angle: 0.47992464881654523
      distance: 1.5
      interactionstrength: 87830.51272058468
    - angle: 0.47992464881654523
      distance: 1.5
      interactionstrength: 87830.51272058468
    - angle: -0.47992464881654523
      distance: 1.5
      interactionstrength: 87830.51272058468
    - angle: -0.47992464881654523
      distance: 1.5
      interactionstrength: 87830.51272058468
    - angle: -0.6605596098195701
      distance: 1.5
      interactionstrength: -87830.51272058487
    - angle: -0.6605596098195701
      distance: 1.5
      interactionstrength: -87830.51272058487
    physicsconfig:
      bathdipolemoment: 1.77
      atomdipolemoment: 3626.87
      bathcount: 8
      spin: 0.5
      tiltangle: 0.05
      tiltanglerange: []
      constantdistance: 1.5
      geometry: cube
      interactioncoefficients: []
      bathmagneticfield: 2.0532001e+10
      centralmagneticfield: 2.053202e+10
      model: XX
      timerange: 0
      dt: 0
      initialket: ""
      observablesconfig: []
      magneticfieldrange: 0
      units: atomic
    downspins: 0
xys:
- - x: 0
    "y": 87.83051272058468
  - x: 1
    "y": 87.83051272058468
  - x: 2
    "y": 87.83051272058468
  - x: 3
    "y": 87.83051272058468
  - x: 4
    "y": -87.83051272058488
  - x: 5
    "y": -87.83051272058488
  - x: 6
    "y": -87.83051272058488
  - x: 7
    "y": -87.83051272058488
