filename: 2023-08-05T09:26:23+02:00.yaml
metadata:
  date: "2023-08-05T09:26:23+02:00"
  simulation: Interaction strength
  simulationid: interactions
  cpu: i7-11xxG
  ram: 32GB
  completiontime: 29.203µs
  figuresdir: ""
values:
  system:
    centralspin:
      angle: 0
      distance: 0
      interactionstrength: 0
    bath:
    - angle: 0.7275037805840997
      distance: 1.5
      interactionstrength: -167063.56290491315
    - angle: 0.7275037805840997
      distance: 1.5
      interactionstrength: -167063.56290491315
    - angle: -0.37068169081100966
      distance: 1.5
      interactionstrength: 167063.56290491298
    - angle: -0.37068169081100966
      distance: 1.5
      interactionstrength: 167063.56290491298
    - angle: 0.37068169081100966
      distance: 1.5
      interactionstrength: 167063.56290491298
    - angle: 0.37068169081100966
      distance: 1.5
      interactionstrength: 167063.56290491298
    - angle: -0.7275037805840997
      distance: 1.5
      interactionstrength: -167063.56290491315
    - angle: -0.7275037805840997
      distance: 1.5
      interactionstrength: -167063.56290491315
    physicsconfig:
      bathdipolemoment: 1.77
      atomdipolemoment: 3626.87
      bathcount: 8
      spin: 0.5
      tiltangle: 0.4
      tiltanglerange: []
      constantdistance: 1.5
      geometry: cube
      interactioncoefficients: []
      bathmagneticfield: 2.0532001e+10
      centralmagneticfield: 2.053202e+10
      model: XX
      timerange: 0
      dt: 0
      initialket: ""
      observablesconfig: []
      magneticfieldrange: 0
      units: atomic
    downspins: 0
xys:
- - x: 0
    "y": 167.06356290491297
  - x: 1
    "y": 167.06356290491297
  - x: 2
    "y": 167.06356290491297
  - x: 3
    "y": 167.06356290491297
  - x: 4
    "y": -167.06356290491317
  - x: 5
    "y": -167.06356290491317
  - x: 6
    "y": -167.06356290491317
  - x: 7
    "y": -167.06356290491317
