filename: 2023-08-05T09:25:55+02:00.yaml
metadata:
  date: "2023-08-05T09:25:55+02:00"
  simulation: Interaction strength
  simulationid: interactions
  cpu: i7-11xxG
  ram: 32GB
  completiontime: 33.892µs
  figuresdir: ""
values:
  system:
    centralspin:
      angle: 0
      distance: 0
      interactionstrength: 0
    bath:
    - angle: 0.6291214282859668
      distance: 1.5
      interactionstrength: -53258.549639351666
    - angle: 0.6291214282859668
      distance: 1.5
      interactionstrength: -53258.549639351666
    - angle: 0.520454508231115
      distance: 1.5
      interactionstrength: 53258.54963935161
    - angle: 0.520454508231115
      distance: 1.5
      interactionstrength: 53258.54963935161
    - angle: -0.520454508231115
      distance: 1.5
      interactionstrength: 53258.54963935161
    - angle: -0.520454508231115
      distance: 1.5
      interactionstrength: 53258.54963935161
    - angle: -0.6291214282859668
      distance: 1.5
      interactionstrength: -53258.549639351666
    - angle: -0.6291214282859668
      distance: 1.5
      interactionstrength: -53258.549639351666
    physicsconfig:
      bathdipolemoment: 1.77
      atomdipolemoment: 3626.87
      bathcount: 8
      spin: 0.5
      tiltangle: 0.03
      tiltanglerange: []
      constantdistance: 1.5
      geometry: cube
      interactioncoefficients: []
      bathmagneticfield: 2.0532001e+10
      centralmagneticfield: 2.053202e+10
      model: XX
      timerange: 0
      dt: 0
      initialket: ""
      observablesconfig: []
      magneticfieldrange: 0
      units: atomic
    downspins: 0
xys:
- - x: 0
    "y": 53.25854963935161
  - x: 1
    "y": 53.25854963935161
  - x: 2
    "y": 53.25854963935161
  - x: 3
    "y": 53.25854963935161
  - x: 4
    "y": -53.25854963935167
  - x: 5
    "y": -53.25854963935167
  - x: 6
    "y": -53.25854963935167
  - x: 7
    "y": -53.25854963935167
