filename: 2023-08-05T09:23:06+02:00.yaml
metadata:
  date: "2023-08-05T09:23:06+02:00"
  simulation: Interaction strength
  simulationid: interactions
  cpu: i7-11xxG
  ram: 32GB
  completiontime: 36.608µs
  figuresdir: ""
values:
  system:
    centralspin:
      angle: 0
      distance: 0
      interactionstrength: 0
    bath:
    - angle: -0.99556196460308
      distance: 1.5
      interactionstrength: -560899.3965412013
    - angle: 0.99556196460308
      distance: 1.5
      interactionstrength: -560899.3965412013
    - angle: -0.4452292484380018
      distance: 1.5
      interactionstrength: 115200.22265892691
    - angle: 0.4452292484380018
      distance: 1.5
      interactionstrength: 115200.22265892691
    - angle: -0.49470490610725765
      distance: 1.5
      interactionstrength: 75547.47233573956
    - angle: -0.395753590768746
      distance: 1.5
      interactionstrength: 150678.5403558552
    - angle: 0.395753590768746
      distance: 1.5
      interactionstrength: 150678.5403558552
    - angle: 0.49470490610725765
      distance: 1.5
      interactionstrength: 75547.47233573956
    - angle: -0.5252825792707093
      distance: 1.5
      interactionstrength: 48953.47712590645
    - angle: -0.36517591760529433
      distance: 1.5
      interactionstrength: 170518.1521067986
    - angle: 0.36517591760529433
      distance: 1.5
      interactionstrength: 170518.1521067986
    - angle: 0.5252825792707093
      distance: 1.5
      interactionstrength: 48953.47712590645
    physicsconfig:
      bathdipolemoment: 1.77
      atomdipolemoment: 3626.87
      bathcount: 12
      spin: 0.5
      tiltangle: 0.03
      tiltanglerange: []
      constantdistance: 1.5
      geometry: icosahedron
      interactioncoefficients: []
      bathmagneticfield: 2.0532001e+10
      centralmagneticfield: 2.053202e+10
      model: XX
      timerange: 0
      dt: 0
      initialket: ""
      observablesconfig: []
      magneticfieldrange: 0
      units: atomic
    downspins: 0
xys:
- - x: 0
    "y": 170.5181521067986
  - x: 1
    "y": 170.5181521067986
  - x: 2
    "y": 150.6785403558552
  - x: 3
    "y": 150.6785403558552
  - x: 4
    "y": 115.20022265892692
  - x: 5
    "y": 115.20022265892692
  - x: 6
    "y": 75.54747233573956
  - x: 7
    "y": 75.54747233573956
  - x: 8
    "y": 48.95347712590645
  - x: 9
    "y": 48.95347712590645
  - x: 10
    "y": -560.8993965412013
  - x: 11
    "y": -560.8993965412013
