filename: 2023-08-05T09:22:33+02:00.yaml
metadata:
  date: "2023-08-05T09:22:33+02:00"
  simulation: Interaction strength
  simulationid: interactions
  cpu: i7-11xxG
  ram: 32GB
  completiontime: 29.034µs
  figuresdir: ""
values:
  system:
    centralspin:
      angle: 0
      distance: 0
      interactionstrength: 0
    bath:
    - angle: -1
      distance: 1.5
      interactionstrength: -568451.0193249444
    - angle: 1
      distance: 1.5
      interactionstrength: -568451.0193249444
    - angle: -0.447214
      distance: 1.5
      interactionstrength: 113689.89537003139
    - angle: 0.447214
      distance: 1.5
      interactionstrength: 113689.89537003139
    - angle: -0.4472139999999999
      distance: 1.5
      interactionstrength: 113689.89537003147
    - angle: -0.4472140000000001
      distance: 1.5
      interactionstrength: 113689.89537003133
    - angle: 0.4472140000000001
      distance: 1.5
      interactionstrength: 113689.89537003133
    - angle: 0.4472139999999999
      distance: 1.5
      interactionstrength: 113689.89537003147
    - angle: -0.4472139999999998
      distance: 1.5
      interactionstrength: 113689.89537003155
    - angle: -0.4472140000000002
      distance: 1.5
      interactionstrength: 113689.89537003123
    - angle: 0.4472140000000002
      distance: 1.5
      interactionstrength: 113689.89537003123
    - angle: 0.4472139999999998
      distance: 1.5
      interactionstrength: 113689.89537003155
    physicsconfig:
      bathdipolemoment: 1.77
      atomdipolemoment: 3626.87
      bathcount: 12
      spin: 0.5
      tiltangle: 0
      tiltanglerange: []
      constantdistance: 1.5
      geometry: icosahedron
      interactioncoefficients: []
      bathmagneticfield: 2.0532001e+10
      centralmagneticfield: 2.053202e+10
      model: XX
      timerange: 0
      dt: 0
      initialket: ""
      observablesconfig: []
      magneticfieldrange: 0
      units: atomic
    downspins: 0
xys:
- - x: 0
    "y": 113.68989537003155
  - x: 1
    "y": 113.68989537003155
  - x: 2
    "y": 113.68989537003148
  - x: 3
    "y": 113.68989537003148
  - x: 4
    "y": 113.6898953700314
  - x: 5
    "y": 113.6898953700314
  - x: 6
    "y": 113.68989537003134
  - x: 7
    "y": 113.68989537003134
  - x: 8
    "y": 113.68989537003122
  - x: 9
    "y": 113.68989537003122
  - x: 10
    "y": -568.4510193249444
  - x: 11
    "y": -568.4510193249444
