filename: 2023-08-05T09:23:31+02:00.yaml
metadata:
  date: "2023-08-05T09:23:31+02:00"
  simulation: Interaction strength
  simulationid: interactions
  cpu: i7-11xxG
  ram: 32GB
  completiontime: 30.998µs
  figuresdir: ""
values:
  system:
    centralspin:
      angle: 0
      distance: 0
      interactionstrength: 0
    bath:
    - angle: -0.30901699437494745
      distance: 1.5
      interactionstrength: 202802.14649649512
    - angle: 0.30901699437494745
      distance: 1.5
      interactionstrength: 202802.14649649512
    - angle: -0.13819672612239775
      distance: 1.5
      interactionstrength: 267940.8075706297
    - angle: 0.13819672612239775
      distance: 1.5
      interactionstrength: 267940.8075706297
    - angle: -0.6381966194907651
      distance: 1.5
      interactionstrength: -63065.313371088785
    - angle: 0.36180316724596956
      distance: 1.5
      interactionstrength: 172608.8458632013
    - angle: -0.36180316724596956
      distance: 1.5
      interactionstrength: 172608.8458632013
    - angle: 0.6381966194907651
      distance: 1.5
      interactionstrength: -63065.313371088785
    - angle: -0.9472139027653864
      distance: 1.5
      interactionstrength: -480807.9610450037
    - angle: 0.6708204505205909
      distance: 1.5
      interactionstrength: -99478.99389867205
    - angle: -0.6708204505205909
      distance: 1.5
      interactionstrength: -99478.99389867205
    - angle: 0.9472139027653864
      distance: 1.5
      interactionstrength: -480807.9610450037
    physicsconfig:
      bathdipolemoment: 1.77
      atomdipolemoment: 3626.87
      bathcount: 12
      spin: 0.5
      tiltangle: 0.4
      tiltanglerange: []
      constantdistance: 1.5
      geometry: icosahedron
      interactioncoefficients: []
      bathmagneticfield: 2.0532001e+10
      centralmagneticfield: 2.053202e+10
      model: XX
      timerange: 0
      dt: 0
      initialket: ""
      observablesconfig: []
      magneticfieldrange: 0
      units: atomic
    downspins: 0
xys:
- - x: 0
    "y": 267.9408075706297
  - x: 1
    "y": 267.9408075706297
  - x: 2
    "y": 202.8021464964951
  - x: 3
    "y": 202.8021464964951
  - x: 4
    "y": 172.6088458632013
  - x: 5
    "y": 172.6088458632013
  - x: 6
    "y": -63.065313371088784
  - x: 7
    "y": -63.065313371088784
  - x: 8
    "y": -99.47899389867206
  - x: 9
    "y": -99.47899389867206
  - x: 10
    "y": -480.80796104500376
  - x: 11
    "y": -480.80796104500376
