filename: 2023-08-05T09:20:56+02:00.yaml
metadata:
  date: "2023-08-05T09:20:56+02:00"
  simulation: Interaction strength
  simulationid: interactions
  cpu: i7-11xxG
  ram: 32GB
  completiontime: 24.269µs
  figuresdir: ""
values:
  system:
    centralspin:
      angle: 0
      distance: 0
      interactionstrength: 0
    bath:
    - angle: -2.449293598294703e-16
      distance: 1.5
      interactionstrength: 284225.5096624722
    - angle: -2.1211504774498109e-16
      distance: 1.5
      interactionstrength: 284225.5096624722
    - angle: -1.2246467991473517e-16
      distance: 1.5
      interactionstrength: 284225.5096624722
    - angle: -1.4997597826618535e-32
      distance: 1.5
      interactionstrength: 284225.5096624722
    - angle: 1.224646799147351e-16
      distance: 1.5
      interactionstrength: 284225.5096624722
    - angle: 2.1211504774498109e-16
      distance: 1.5
      interactionstrength: 284225.5096624722
    - angle: 2.449293598294703e-16
      distance: 1.5
      interactionstrength: 284225.5096624722
    - angle: 2.121150477449811e-16
      distance: 1.5
      interactionstrength: 284225.5096624722
    - angle: 1.2246467991473525e-16
      distance: 1.5
      interactionstrength: 284225.5096624722
    - angle: 4.49927934798556e-32
      distance: 1.5
      interactionstrength: 284225.5096624722
    - angle: -1.2246467991473515e-16
      distance: 1.5
      interactionstrength: 284225.5096624722
    - angle: -2.1211504774498101e-16
      distance: 1.5
      interactionstrength: 284225.5096624722
    physicsconfig:
      bathdipolemoment: 1.77
      atomdipolemoment: 3626.87
      bathcount: 12
      spin: 0.5
      tiltangle: 0
      tiltanglerange: []
      constantdistance: 1.5
      geometry: ring
      interactioncoefficients: []
      bathmagneticfield: 2.0532001e+10
      centralmagneticfield: 2.053202e+10
      model: XX
      timerange: 0
      dt: 0
      initialket: ""
      observablesconfig: []
      magneticfieldrange: 0
      units: atomic
    downspins: 0
xys:
- - x: 0
    "y": 284.2255096624722
  - x: 1
    "y": 284.2255096624722
  - x: 2
    "y": 284.2255096624722
  - x: 3
    "y": 284.2255096624722
  - x: 4
    "y": 284.2255096624722
  - x: 5
    "y": 284.2255096624722
  - x: 6
    "y": 284.2255096624722
  - x: 7
    "y": 284.2255096624722
  - x: 8
    "y": 284.2255096624722
  - x: 9
    "y": 284.2255096624722
  - x: 10
    "y": 284.2255096624722
  - x: 11
    "y": 284.2255096624722
