filename: 2023-08-05T09:21:19+02:00.yaml
metadata:
  date: "2023-08-05T09:21:19+02:00"
  simulation: Interaction strength
  simulationid: interactions
  cpu: i7-11xxG
  ram: 32GB
  completiontime: 25.768µs
  figuresdir: ""
values:
  system:
    centralspin:
      angle: 0
      distance: 0
      interactionstrength: 0
    bath:
    - angle: 0.09410831331851431
      distance: 1.5
      interactionstrength: 276673.8868787291
    - angle: 0.08150019004113883
      distance: 1.5
      interactionstrength: 278561.79257466487
    - angle: 0.04705415665925717
      distance: 1.5
      interactionstrength: 282337.6039665364
    - angle: 5.762472233933731e-18
      distance: 1.5
      interactionstrength: 284225.5096624722
    - angle: -0.047054156659257135
      distance: 1.5
      interactionstrength: 282337.6039665364
    - angle: -0.08150019004113883
      distance: 1.5
      interactionstrength: 278561.79257466487
    - angle: -0.09410831331851431
      distance: 1.5
      interactionstrength: 276673.8868787291
    - angle: -0.08150019004113884
      distance: 1.5
      interactionstrength: 278561.79257466487
    - angle: -0.0470541566592572
      distance: 1.5
      interactionstrength: 282337.6039665364
    - angle: -1.7287416701801193e-17
      distance: 1.5
      interactionstrength: 284225.5096624722
    - angle: 0.047054156659257156
      distance: 1.5
      interactionstrength: 282337.6039665364
    - angle: 0.0815001900411388
      distance: 1.5
      interactionstrength: 278561.79257466487
    physicsconfig:
      bathdipolemoment: 1.77
      atomdipolemoment: 3626.87
      bathcount: 12
      spin: 0.5
      tiltangle: 0.03
      tiltanglerange: []
      constantdistance: 1.5
      geometry: ring
      interactioncoefficients: []
      bathmagneticfield: 2.0532001e+10
      centralmagneticfield: 2.053202e+10
      model: XX
      timerange: 0
      dt: 0
      initialket: ""
      observablesconfig: []
      magneticfieldrange: 0
      units: atomic
    downspins: 0
xys:
- - x: 0
    "y": 284.2255096624722
  - x: 1
    "y": 284.2255096624722
  - x: 2
    "y": 282.3376039665364
  - x: 3
    "y": 282.3376039665364
  - x: 4
    "y": 282.3376039665364
  - x: 5
    "y": 282.3376039665364
  - x: 6
    "y": 278.5617925746649
  - x: 7
    "y": 278.5617925746649
  - x: 8
    "y": 278.5617925746649
  - x: 9
    "y": 278.5617925746649
  - x: 10
    "y": 276.6738868787291
  - x: 11
    "y": 276.6738868787291
