filename: 2023-08-05T09:21:31+02:00.yaml
metadata:
  date: "2023-08-05T09:21:31+02:00"
  simulation: Interaction strength
  simulationid: interactions
  cpu: i7-11xxG
  ram: 32GB
  completiontime: 25.966µs
  figuresdir: ""
values:
  system:
    centralspin:
      angle: 0
      distance: 0
      interactionstrength: 0
    bath:
    - angle: 0.15643446504023087
      distance: 1.5
      interactionstrength: 263359.02976147184
    - angle: 0.1354762207522686
      distance: 1.5
      interactionstrength: 268575.64973672194
    - angle: 0.07821723252011545
      distance: 1.5
      interactionstrength: 279008.8896872221
    - angle: 9.578848344392349e-18
      distance: 1.5
      interactionstrength: 284225.5096624722
    - angle: -0.07821723252011539
      distance: 1.5
      interactionstrength: 279008.8896872221
    - angle: -0.1354762207522686
      distance: 1.5
      interactionstrength: 268575.64973672194
    - angle: -0.15643446504023087
      distance: 1.5
      interactionstrength: 263359.02976147184
    - angle: -0.13547622075226862
      distance: 1.5
      interactionstrength: 268575.64973672194
    - angle: -0.0782172325201155
      distance: 1.5
      interactionstrength: 279008.8896872221
    - angle: -2.873654503317705e-17
      distance: 1.5
      interactionstrength: 284225.5096624722
    - angle: 0.07821723252011543
      distance: 1.5
      interactionstrength: 279008.8896872221
    - angle: 0.13547622075226853
      distance: 1.5
      interactionstrength: 268575.64973672194
    physicsconfig:
      bathdipolemoment: 1.77
      atomdipolemoment: 3626.87
      bathcount: 12
      spin: 0.5
      tiltangle: 0.05
      tiltanglerange: []
      constantdistance: 1.5
      geometry: ring
      interactioncoefficients: []
      bathmagneticfield: 2.0532001e+10
      centralmagneticfield: 2.053202e+10
      model: XX
      timerange: 0
      dt: 0
      initialket: ""
      observablesconfig: []
      magneticfieldrange: 0
      units: atomic
    downspins: 0
xys:
- - x: 0
    "y": 284.2255096624722
  - x: 1
    "y": 284.2255096624722
  - x: 2
    "y": 279.0088896872221
  - x: 3
    "y": 279.0088896872221
  - x: 4
    "y": 279.0088896872221
  - x: 5
    "y": 279.0088896872221
  - x: 6
    "y": 268.57564973672197
  - x: 7
    "y": 268.57564973672197
  - x: 8
    "y": 268.57564973672197
  - x: 9
    "y": 268.57564973672197
  - x: 10
    "y": 263.35902976147185
  - x: 11
    "y": 263.35902976147185
